import numpy as np
extrinsics = np.zeros([4,4,4])
transforms = np.zeros([4,4,4])
intrinsics = np.zeros([3,3,4])

extrinsics[:,:,0] = np.array([[0.0225973, -0.99972, -0.00704953, 0.0315086], 
  [-0.0194101, 0.00661128, -0.99979, 0.176175], 
  [0.999556, 0.0227294, -0.0192552, 0.435135], 
  [0, 0, 0, 1]])

extrinsics[:,:,1] = np.array([[0.0208054, -0.999314, -0.0306246, -0.0235653],
  [0.0517302, 0.0316662, -0.998159, 0.0866942],
  [0.998444, 0.0191829, 0.0523536, 0.290972],
  [0, 0, 0, 1]])

extrinsics[:,:,2] = np.array([[-0.0227464, -0.999166, -0.0338993, 0.112537],
  [0.0206173, 0.0334321, -0.999228, 0.104041],
  [0.999529, -0.0234278, 0.0198396, 0.250055],
  [0, 0, 0, 1]])

extrinsics[:,:,3] = np.array([[0.00166413, -0.99971, 0.0240346, -0.0514394],
  [-0.0201543, -0.0240633, -0.999507, 0.0153076],
  [0.999795, 0.00117891, -0.0201885, 0.172822],
  [0, 0, 0, 1]])

transforms[:,:,0] = np.array([[-0.6796691464, 0.7297780563, 0.0739854039, 29.7169555147],
  [-0.7330999358, -0.6792250693, -0.0348968389, 15.5410685839],
  [0.0247857938, -0.0779569996, 0.9966485693, -1.7554557234],
  [0, 0, 0, 1]])

transforms[:,:,1] = np.array([[1, 0, 0, 0],
  [0, 1, 0, 0],
  [0, 0, 1, 0],
  [0, 0, 0, 1]])

transforms[:,:,2] = np.array([[0.3226160858, -0.9459138594, 0.0341442778, 8.808025403],
  [0.9464189514, 0.3218160009, -0.0269375202, -15.1719572129],
  [0.0144923987, 0.0410052689, 0.9990538215, -0.4119436148],
  [0, 0, 0, 1]])

transforms[:,:,3] = np.array([[-0.9918423834, -0.1163096218, 0.0521608891, 36.5745223873],
  [0.1162588237, -0.9932108271, -0.0040173179, 1.0724658008],
  [0.0522740125, 0.0020796174, 0.9986306138, -1.9118030497],
  [0, 0, 0, 1]])

intrinsics[:,:,0] = np.array([[1204.6082, 0, 1022.17200],
  [0, 1204.79912, 779.553157],
  [0, 0, 1]])

intrinsics[:,:,1] = np.array([[1.20895178e+03, 0.00000000e+00, 1.01243334e+03],
  [0.00000000e+00, 1.20942656e+03, 7.62148531e+02],
  [0, 0, 1]])

intrinsics[:,:,2] = np.array([[1.20999440e+03, 0.00000000e+00, 1.02736037e+03],
  [0.00000000e+00, 1.21023014e+03, 7.61483356e+02],
  [0, 0, 1]])

intrinsics[:,:,3] = np.array([[1.20576375e+03, 0.00000000e+00, 1.00908580e+03],
  [0.00000000e+00, 1.20591483e+03, 7.83369552e+02],
  [0, 0, 1]])


Rer = np.array([[0.89012699,  0.45294207, -0.050174, 0.0],
[-0.4528419 ,  0.89148092,  0.01399954, 0.0],
[0.05107015,  0.01025952,  0.99864237, 0.2],
[0,0,0,1]])

distortion = np.zeros([5,4])
distortion[:,0] = [-1.00031137e-01, 9.33050838e-02, 2.28575233e-04, 9.07933820e-05, -1.72521919e-02]
distortion[:,1] = [-0.09902244, 0.09631461, 0.0009315, -0.00027632, -0.01785635]
distortion[:,2] = [-0.10200707, 0.09628885, -0.00010331, 0.00032816, -0.01768528]
distortion[:,3] = [-9.73298662e-02, 9.05018947e-02, -9.99841036e-05, -3.11532549e-05, -1.21009666e-02]